SNP	BETA.x	SE.x	BETA.y	SE.y
rs1000096	0.003636	0.004739	-0.0144	0.0018
rs10008104	0.003372	0.003579	0.0111	0.0018
rs1000940	0.008676	0.003615	0.0154	0.0018
rs10019082	-0.007155	0.003817	-0.0098	0.0019
rs1003081	0.007545	0.004541	0.0121	0.0016
rs10034450	0.01099	0.003779	0.0101	0.0019
rs1004573	0.003042	0.003889	0.016	0.0025
rs10049181	0.009435	0.006993	0.0118	0.002
rs1005678	0.002805	0.003548	0.0235	0.0017
rs10066835	0.03572	0.01549	0.0428	0.0074
rs1006896	-0.01688	0.01395	-0.0234	0.0027
rs10069222	0.009139	0.003733	0.0085	0.0016
rs1007934	-0.006738	0.005582	-0.012	0.0017
rs1009188	-0.02418	0.004729	-0.0129	0.0019
rs10114684	-0.01913	0.003551	-0.0076	0.0017
rs10118701	0.009141	0.007407	0.0163	0.0018
rs10144318	-0.01248	0.003715	-0.0092	0.0016
rs10146527	-0.0105	0.005335	-0.0137	0.0017
rs10163018	-0.008929	0.003747	-0.0114	0.0018
rs10169895	-0.01194	0.003717	-0.0119	0.0025
rs10182181	0.02398	0.003614	0.0325	0.0016
rs10182264	0.005752	0.00362	0.0097	0.0017
rs10210181	0.002851	0.004131	0.0103	0.0018
rs10259620	-0.005682	0.003806	-0.0133	0.0021
rs10259665	-0.007704	0.00378	-0.0109	0.0019
rs10269783	0.01488	0.003592	0.0133	0.0017
rs1035010	0.02265	0.003962	0.0139	0.002
rs1038088	0.01638	0.003909	0.0117	0.0016
rs10421621	0.01542	0.003747	0.0099	0.0018
rs10441737	0.008781	0.003746	0.0097	0.0018
rs1045530	0.01248	0.003676	0.009	0.0018
rs1045861	0.01754	0.003949	0.0106	0.0019
rs1045979	0.008206	0.004593	0.0133	0.0019
rs10459881	0.01158	0.003566	0.0109	0.0022
rs10475800	0.01181	0.003612	0.0085	0.0017
rs1047796	-0.01198	0.003551	-0.0128	0.0016
rs10483350	-0.000679	0.007237	0.016	0.0021
rs1048637	0.01239	0.003631	0.0107	0.0017
rs1048932	-0.01846	0.003568	-0.016	0.0017
rs10490323	0.01502	0.004945	0.0168	0.0022
rs1049205	-0.007371	0.003635	-0.013	0.0017
rs10492229	0.03402	0.01769	0.0142	0.0019
rs10497247	0.01008	0.003697	0.0101	0.002
rs10500548	0.0347	0.013	0.0188	0.0036
rs10506971	-0.005024	0.0038	-0.013	0.0017
rs10510554	0.01401	0.003621	0.0153	0.0017
rs10514751	0.0005066	0.006845	0.0174	0.0029
rs1053454	-0.01121	0.003704	-0.0088	0.0018
rs1064395	-0.001925	0.005416	-0.0168	0.0022
rs10668	0.0004991	0.008964	-0.0131	0.0018
rs10733051	-0.002933	0.003928	-0.0097	0.0016
rs10735567	0.0144	0.003808	0.0084	0.0018
rs10738658	0.01982	0.004499	0.0114	0.0019
rs10744146	-0.01543	0.003847	-0.0122	0.0017
rs10745785	-0.008074	0.003881	-0.0111	0.0018
rs10752309	-0.01823	0.004994	-0.0113	0.0022
rs10757259	-0.01244	0.004635	-0.011	0.0021
rs10757826	0.00322	0.003555	0.0105	0.0018
rs10758268	0.006793	0.003597	0.009	0.0017
rs1075901	0.01115	0.004809	0.0121	0.0016
rs10759332	-0.01469	0.005286	-0.0123	0.0026
rs10760084	0.01343	0.004127	0.0093	0.002
rs10760280	-0.004722	0.003757	-0.0117	0.0017
rs10767646	0.001781	0.003556	-0.0262	0.0019
rs10770429	0.007858	0.003886	0.0118	0.002
rs10773049	0.006143	0.00356	0.0116	0.0017
rs10777193	-0.005483	0.0042	0.015	0.0019
rs10779751	-0.01079	0.00554	-0.0139	0.0018
rs10797115	0.005099	0.003787	0.0124	0.0017
rs10838122	0.007235	0.00373	0.0105	0.0017
rs10838175	-0.01385	0.004122	-0.0212	0.0019
rs10838464	-0.004506	0.003653	-0.014	0.0019
rs10840099	0.01981	0.003709	0.0182	0.0017
rs10840606	0.03229	0.009386	0.0164	0.0024
rs10842240	0.01437	0.003961	0.0218	0.0027
rs10857792	-0.01282	0.003705	-0.0077	0.0017
rs10867256	-0.01037	0.003634	-0.0118	0.0017
rs10871452	0.008729	0.004293	0.0127	0.0023
rs10878946	-0.003056	0.00395	-0.0141	0.0019
rs10882028	0.009798	0.003559	0.0083	0.0017
rs10882884	-0.01438	0.003765	-0.0099	0.0018
rs10887578	0.008019	0.003848	0.0128	0.0017
rs10913118	0.007477	0.003622	0.0093	0.0017
rs10915846	-0.0004873	0.004092	-0.0116	0.0019
rs10920338	-0.005226	0.003598	-0.012	0.0018
rs10920678	-0.0212	0.003734	-0.0155	0.0016
rs10923724	-0.01526	0.003648	-0.0118	0.0016
rs10929925	-0.005882	0.003603	-0.0143	0.0016
rs10959687	-0.003812	0.003598	0.0123	0.0016
rs10962549	0.01346	0.003766	0.0198	0.0023
rs10968622	0.002899	0.003777	0.015	0.0023
rs10989568	-0.01156	0.00355	-0.0107	0.0017
rs10991925	-0.009661	0.004224	-0.0139	0.0019
rs10992914	0.01518	0.007423	0.0142	0.0027
rs11000948	0.01197	0.006189	0.0173	0.0026
rs11030104	-0.03753	0.003603	-0.0393	0.002
rs11039130	-0.04479	0.0154	-0.0137	0.0018
rs1106908	-0.01372	0.003603	-0.0158	0.0016
rs11072405	-0.004039	0.003596	-0.0103	0.0017
rs11074446	-0.0301	0.004639	-0.0225	0.0024
rs11078597	-0.02054	0.004429	-0.009	0.0023
rs11079824	0.006988	0.003857	0.0091	0.0017
rs1109255	-0.007553	0.003672	-0.0089	0.0016
rs11097965	0.01108	0.004249	0.0118	0.0024
rs11105839	-0.01286	0.003543	-0.0109	0.0017
rs11113659	-0.00147	0.005466	-0.0167	0.002
rs11115162	-0.001321	0.004572	-0.0121	0.0019
rs11118308	-0.01257	0.003627	-0.0101	0.0016
rs1112613	-0.004145	0.004674	-0.0133	0.0023
rs11128265	0.01418	0.004483	0.0097	0.0019
rs11134425	-0.009677	0.003548	-0.0083	0.0016
rs11138082	-0.006095	0.005393	-0.0123	0.0022
rs11150911	-0.009602	0.00375	-0.0133	0.0018
rs11161343	0.01698	0.003636	0.0102	0.0017
rs11162405	-0.001853	0.00357	-0.0142	0.0017
rs11162479	0.006785	0.003631	0.0125	0.0019
rs1117080	-0.003137	0.003797	-0.011	0.0019
rs1118137	0.01065	0.003577	0.0136	0.0017
rs11185111	-0.008416	0.003551	-0.0129	0.0019
rs11208662	0.001998	0.006042	0.0209	0.0031
rs11218499	-0.008757	0.004066	-0.0097	0.0018
rs11223224	0.004407	0.003617	0.0093	0.0017
rs11264483	0.01397	0.003836	0.0137	0.0018
rs1132461	-0.01413	0.003601	-0.0108	0.0019
rs1140886	0.008831	0.003565	0.0108	0.0021
rs1144305	-0.001572	0.003813	-0.0119	0.002
rs11505821	0.01357	0.01018	0.0311	0.0035
rs1150659	-0.01308	0.007576	-0.0139	0.0019
rs1150691	0.01335	0.003551	0.0088	0.0018
rs11579645	0.007259	0.005723	0.0161	0.0029
rs11611246	0.002301	0.003999	0.024	0.002
rs11629783	-0.02562	0.006975	-0.0146	0.002
rs11633626	-0.00647	0.003945	-0.0163	0.0018
rs11645264	0.01187	0.004253	0.0095	0.0018
rs11660858	0.02238	0.004353	0.0083	0.0022
rs11663356	0.01499	0.004818	0.0121	0.0022
rs1167827	0.02056	0.01022	0.0203	0.0017
rs11680638	0.007274	0.004349	0.009	0.0017
rs1168578	-0.01299	0.003551	-0.0075	0.0017
rs11688816	-0.007632	0.00425	-0.0125	0.0016
rs1169084	-0.01121	0.003555	-0.0109	0.0019
rs11729200	0.0098	0.004015	0.0145	0.0018
rs11731229	0.01327	0.003667	0.0134	0.0021
rs11739877	0.001118	0.003621	0.0117	0.0018
rs11742930	0.002728	0.003629	0.0105	0.0017
rs11746597	0.009946	0.004162	0.0118	0.0021
rs11752353	-0.005276	0.003861	-0.0179	0.0024
rs11772246	-0.005848	0.004038	-0.0138	0.0022
rs11794083	-0.0221	0.008459	-0.0119	0.0024
rs11823283	-0.006955	0.008486	0.0167	0.0024
rs11864909	-0.002448	0.004681	0.0123	0.0018
rs11866815	-0.0002103	0.004478	-0.0156	0.0019
rs1187321	0.01977	0.004026	0.0137	0.0022
rs11880870	-0.02047	0.006907	-0.0189	0.0017
rs1188174	0.008658	0.003544	0.0089	0.0017
rs11881883	-0.03512	0.003606	-0.0058	0.0043
rs11889536	-0.008222	0.007967	-0.0189	0.0024
rs11896131	-0.005674	0.0108	0.0236	0.0034
rs11917587	0.01597	0.003737	0.0116	0.0016
rs11921290	-0.0171	0.01185	-0.0141	0.0024
rs11926767	0.008684	0.003595	0.0105	0.0018
rs11945861	-0.008935	0.003677	-0.0148	0.002
rs11997077	-0.01073	0.003576	-0.0088	0.0018
rs12023026	-0.01105	0.005244	-0.0245	0.0042
rs12033257	-0.004471	0.003783	-0.0146	0.0018
rs12035149	0.01959	0.004945	0.0146	0.0021
rs12035349	0.002934	0.006068	0.0188	0.0026
rs12041258	-0.01213	0.004288	-0.0146	0.002
rs12044597	0.01291	0.003584	0.0143	0.0016
rs1205817	0.0127	0.004913	0.0118	0.0022
rs12148330	-0.01275	0.0057	-0.0142	0.0022
rs12154758	0.01269	0.003689	0.0121	0.0017
rs12213341	-0.01859	0.00405	-0.0211	0.0049
rs12259464	0.0002806	0.0087	0.0101	0.0017
rs1227258	0.007576	0.004009	0.0099	0.0018
rs12290350	-0.01648	0.007785	-0.0127	0.0021
rs1232779	-0.01038	0.003628	-0.0108	0.0019
rs12346445	0.01892	0.005367	0.015	0.0033
rs12372926	-0.007314	0.004606	-0.011	0.0018
rs12411664	0.0006265	0.004953	0.0315	0.004
rs12411886	0.02355	0.004017	0.0271	0.003
rs12416812	0.00441	0.003949	0.0111	0.0016
rs12420725	0.01789	0.005876	0.0226	0.0037
rs12422552	0.006434	0.004494	-0.0134	0.002
rs12429545	0.03135	0.004246	0.0316	0.0025
rs12438629	-0.01785	0.005084	-0.0318	0.0053
rs12439200	0.001886	0.003923	-0.0189	0.0021
rs12439798	0.008776	0.003866	0.0125	0.0017
rs12443621	0.00737	0.003592	0.0096	0.0017
rs12448257	0.02281	0.004465	0.0184	0.002
rs12449219	0.006925	0.005525	0.0155	0.0026
rs12454712	0.0185	0.003676	0.0144	0.0018
rs12468863	-0.02193	0.004459	-0.0153	0.0016
rs12488237	0.01169	0.007109	0.0235	0.0036
rs12506821	0.000668	0.004584	0.0164	0.0025
rs12514473	-0.02024	0.005805	-0.0167	0.002
rs12519552	0.0266	0.009162	0.0132	0.0024
rs12552443	-0.004907	0.00369	-0.0098	0.0017
rs12564992	0.02058	0.004359	0.0196	0.0026
rs1257414	0.007632	0.003738	0.0108	0.0018
rs12588185	-0.0127	0.003824	-0.0097	0.0019
rs12595749	-0.009377	0.003562	-0.0141	0.0017
rs12602912	0.02129	0.003861	0.0176	0.0021
rs1260326	0.005327	0.003579	0.0105	0.0017
rs12615778	-0.006433	0.00394	-0.0104	0.0019
rs12619626	-0.003314	0.003793	-0.0123	0.002
rs12620249	0.01142	0.007422	0.0135	0.0025
rs12630999	0.01382	0.0047	0.0175	0.0019
rs12632830	0.008785	0.004807	0.0126	0.0023
rs12641981	0.02776	0.003872	0.0324	0.0016
rs12666574	0.005972	0.004284	0.0097	0.0018
rs12680842	-0.01874	0.00354	-0.0133	0.0018
rs12682037	0.01426	0.004317	0.0162	0.0027
rs12694772	-0.005742	0.00379	-0.0122	0.0017
rs12705916	-0.006565	0.003823	-0.0159	0.0018
rs12705987	0.0009468	0.007794	0.0135	0.0017
rs12716974	0.01258	0.003879	0.022	0.0017
rs12719432	-0.0002539	0.004933	0.0124	0.002
rs12760654	0.003794	0.004347	0.0134	0.002
rs12768319	-0.004884	0.003654	-0.0123	0.0019
rs12769140	0.01729	0.005049	0.0236	0.0032
rs1277723	0.02005	0.003707	0.0113	0.002
rs12779328	0.01623	0.004226	0.0105	0.0019
rs12805133	0.009016	0.003566	0.0091	0.0018
rs12812427	0.01024	0.004219	0.0122	0.0023
rs1285245	-0.01752	0.003788	-0.0121	0.0018
rs12856169	-0.002891	0.00568	-0.0147	0.0019
rs12887554	0.02233	0.01072	0.0187	0.0031
rs12887636	-0.008653	0.004076	-0.0176	0.0017
rs12900000	0.008953	0.004146	0.0085	0.0016
rs12914623	-0.01174	0.005559	-0.016	0.002
rs12922346	0.01409	0.004698	0.0136	0.002
rs12923138	0.008448	0.003671	0.0094	0.0018
rs1292637	0.003123	0.003786	-0.0171	0.0018
rs12933482	0.009171	0.008524	0.0186	0.0028
rs12940622	-0.007581	0.003708	-0.018	0.0016
rs1296328	0.006861	0.008586	-0.0179	0.0018
rs12981256	0.006919	0.005108	0.0142	0.0018
rs12989476	0.01397	0.004604	0.013	0.0018
rs13021737	0.04892	0.005969	0.0574	0.0021
rs13047416	-0.01802	0.004066	-0.0154	0.0018
rs13098833	-0.005706	0.006154	-0.0123	0.0019
rs13110266	-0.0001112	0.003554	-0.0117	0.0017
rs13118097	-0.006822	0.003568	-0.0101	0.0017
rs13163306	-0.01063	0.003543	-0.0094	0.0017
rs1316369	-0.007993	0.003705	-0.0101	0.0018
rs13168288	-0.004549	0.003602	-0.0133	0.002
rs13174863	0.0252	0.007571	0.0192	0.0023
rs13201877	-0.005567	0.007838	0.0152	0.0024
rs13206405	0.01063	0.004255	0.0122	0.0022
rs1320903	0.0181	0.005525	0.0216	0.0018
rs13209872	-0.009134	0.003872	-0.0152	0.0018
rs13209968	0.0056	0.003565	0.0114	0.0017
rs1323068	-0.009026	0.003833	-0.0114	0.0018
rs13240600	-0.009956	0.003818	-0.0204	0.0024
rs1324110	-0.002391	0.003587	-0.0103	0.0017
rs13278931	0.009431	0.004619	0.0113	0.0017
rs13284780	-0.01105	0.007839	-0.0141	0.0026
rs13285474	-0.01542	0.004415	-0.0145	0.0024
rs1328970	0.007048	0.005169	0.0104	0.0019
rs1330052	0.01701	0.006	0.0132	0.0018
rs1333423	-0.02778	0.005766	-0.0168	0.002
rs13403909	-0.002224	0.003747	-0.0109	0.0017
rs13416560	0.00119	0.004842	-0.0134	0.0017
rs13439567	0.01123	0.00443	0.0157	0.0024
rs1349512	0.01577	0.004012	0.0155	0.0018
rs1352063	-0.01598	0.004573	-0.0108	0.0024
rs1365466	0.003755	0.003964	-0.0137	0.0019
rs1371109	0.003235	0.004928	0.0119	0.0018
rs1374111	0.008759	0.01076	0.0103	0.0017
rs1380094	-0.01447	0.0036	-0.0107	0.0017
rs138402	-0.01578	0.003606	-0.0103	0.0018
rs1384405	-0.005946	0.004055	-0.0126	0.0022
rs1398899	-0.0178	0.004417	-0.0091	0.002
rs1402025	0.004899	0.004078	0.0121	0.0021
rs1403846	-0.005453	0.005567	-0.0116	0.0021
rs1409818	0.01114	0.005323	0.0201	0.0029
rs1411875	0.0172	0.003682	0.0069	0.0018
rs1412235	0.007635	0.004502	0.0246	0.0017
rs14291	0.008479	0.00372	0.0105	0.0018
rs1436343	0.01063	0.003712	0.0141	0.0017
rs1437377	9.165e-05	0.007948	0.02	0.0025
rs1444507	-0.01166	0.003568	-0.0108	0.0018
rs1452075	-0.0005534	0.003963	0.0141	0.0018
rs1459192	-0.02113	0.003955	-0.0112	0.0018
rs1460676	0.008862	0.003644	0.0166	0.0022
rs1461527	-0.003171	0.003902	-0.0116	0.002
rs1461741	0.005665	0.004794	0.0106	0.0017
rs1463052	0.01027	0.00497	0.0108	0.0018
rs1476322	0.007508	0.003701	0.0101	0.0017
rs1477199	-0.00356	0.005962	0.0228	0.0024
rs1477999	-0.01561	0.003623	-0.0083	0.0017
rs1492767	0.01095	0.004131	0.0094	0.0016
rs150353	0.01504	0.003553	0.0095	0.0018
rs151407	-0.01049	0.008175	0.0197	0.002
rs1528435	0.01782	0.003906	0.0164	0.0017
rs1535660	-0.01248	0.006217	-0.0147	0.0025
rs1539953	0.006993	0.03315	0.0169	0.0019
rs1543506	0.01366	0.003586	0.0089	0.0017
rs1552717	-0.01497	0.004938	-0.0149	0.0025
rs1554194	0.008641	0.003685	0.0103	0.0017
rs1554316	0.009672	0.003863	0.0125	0.0021
rs1557100	0.01269	0.008993	0.0168	0.0025
rs1557765	0.01557	0.003754	0.0124	0.0017
rs1561073	-0.01693	0.003662	-0.0115	0.002
rs1561589	0.003486	0.003796	0.0131	0.0017
rs156400	-0.006579	0.003587	-0.0098	0.0017
rs1567238	-0.004796	0.008172	0.0161	0.0027
rs1570619	0.008306	0.003703	0.0099	0.0019
rs1574213	-0.00986	0.004292	-0.0128	0.0021
rs1579557	0.009582	0.00396	0.0213	0.0019
rs159032	-0.004805	0.004663	0.0129	0.002
rs1593304	-0.003095	0.005551	-0.0126	0.0022
rs1608445	-0.01061	0.003832	-0.0104	0.0018
rs1625427	-0.004951	0.005966	-0.013	0.0018
rs16476	-0.01379	0.003764	-0.0088	0.0017
rs1652376	-0.01725	0.006058	-0.0201	0.0017
rs1657930	-0.008083	0.004114	-0.0123	0.0022
rs1658820	0.01332	0.003976	0.0141	0.0021
rs166195	-0.0237	0.0091	-0.0143	0.0021
rs16826069	0.01313	0.003906	0.0147	0.002
rs16828086	-0.004043	0.003708	-0.0103	0.0018
rs16845875	-0.01564	0.00424	-0.0139	0.0019
rs16846136	0.01315	0.003561	0.0129	0.0019
rs16852055	0.00513	0.009477	-0.0163	0.0022
rs16864515	0.006375	0.006594	0.0186	0.0029
rs16869294	-0.006129	0.003836	-0.0113	0.0018
rs16871902	0.002631	0.003747	0.0125	0.0017
rs16903285	0.02723	0.00376	0.0331	0.0026
rs16906845	-0.01621	0.005148	-0.0225	0.0038
rs16907751	-0.02837	0.005403	-0.0209	0.003
rs16932761	-0.004381	0.004063	-0.014	0.002
rs16940823	0.001295	0.006257	-0.0146	0.0023
rs16965225	0.02285	0.007912	0.0216	0.0034
rs16966801	0.006888	0.003809	0.0156	0.0022
rs16971807	-0.01385	0.003833	-0.0102	0.0021
rs16982345	0.006109	0.004143	0.0122	0.002
rs17001561	-0.008172	0.01768	0.0151	0.0023
rs17014375	0.007829	0.005549	0.0172	0.0025
rs17016675	0.01346	0.00613	0.0177	0.0026
rs17035506	0.007302	0.005508	-0.0147	0.0021
rs17041868	-0.01532	0.004656	-0.0151	0.0033
rs17041982	0.00597	0.00505	0.0122	0.0021
rs17055653	0.01385	0.003594	0.0078	0.0018
rs17065145	0.003835	0.00492	0.0143	0.0024
rs17066842	-0.03462	0.01763	-0.0676	0.0042
rs1707322	0.003531	0.003811	0.0128	0.0018
rs17085593	0.01727	0.004146	0.0157	0.0019
rs17094222	0.018	0.003813	0.0181	0.002
rs17105227	0.0137	0.003545	0.01	0.0018
rs17119937	-0.007994	0.01518	0.0212	0.0036
rs17201143	-0.01259	0.003583	-0.0103	0.0019
rs17203016	0.01071	0.004239	0.015	0.002
rs17235935	-0.002872	0.00937	-0.0095	0.0017
rs17288954	-0.02295	0.0123	-0.0203	0.0033
rs1730859	-0.005566	0.003942	-0.0118	0.0017
rs17308944	0.01104	0.003775	0.0099	0.0017
rs17379561	0.01663	0.01093	0.016	0.0024
rs17405819	-0.02071	0.003631	-0.0215	0.0018
rs17411781	0.01081	0.005378	0.0153	0.0018
rs17448885	-0.006074	0.00365	-0.0105	0.0018
rs17450772	0.00371	0.00586	0.0189	0.003
rs175165	-0.01295	0.003642	-0.0103	0.0018
rs17551974	-0.008349	0.004592	-0.0141	0.0022
rs17584208	0.01106	0.008976	0.0186	0.0029
rs17599948	-0.001138	0.006664	-0.013	0.0022
rs176008	0.009354	0.004189	0.0114	0.0022
rs17619360	0.03208	0.007138	0.0122	0.0026
rs17630640	0.02029	0.005315	0.0116	0.0026
rs17650177	-0.001487	0.005105	0.0162	0.0025
rs17663412	0.005286	0.005765	0.0157	0.0027
rs17684782	0.008427	0.004486	0.0135	0.002
rs17685	0.005642	0.003692	0.0114	0.002
rs17698720	0.009846	0.005866	-0.0176	0.0025
rs17732997	0.003787	0.004362	0.0107	0.0016
rs17795934	-0.01212	0.003602	-0.0087	0.0018
rs17825594	0.02055	0.01255	0.0196	0.0037
rs1789882	-0.02906	0.006636	-0.0108	0.0023
rs1800437	-0.02484	0.00422	-0.0341	0.0021
rs1814170	-0.005704	0.003555	-0.0203	0.0029
rs1819844	-0.01267	0.004594	-0.0143	0.0021
rs1826614	0.0009153	0.006474	-0.0123	0.0018
rs1829130	0.01098	0.003935	0.011	0.0019
rs1852006	-0.01378	0.003586	-0.0156	0.0018
rs1853639	-0.008808	0.003614	-0.0111	0.0018
rs1858512	0.02201	0.006055	0.0143	0.0033
rs1861100	-0.01118	0.004007	-0.0134	0.002
rs1862451	-0.01379	0.006363	-0.0137	0.0019
rs1863652	-0.0002611	0.004089	-0.0115	0.0018
rs1865341	0.003822	0.004266	0.0128	0.002
rs1873691	0.01514	0.003764	0.0082	0.0017
rs1876366	-0.01026	0.003573	-0.0081	0.0017
rs1883403	0.01279	0.003548	0.008	0.0016
rs1884897	0.0138	0.006123	0.0194	0.0017
rs1886901	0.01646	0.004004	0.0153	0.0029
rs1887195	0.02018	0.003642	0.0175	0.0019
rs1891215	0.002524	0.003666	0.0117	0.0017
rs1895407	0.004227	0.005025	0.0142	0.0017
rs1896124	0.0132	0.004234	0.01	0.0018
rs1899689	0.01011	0.003605	0.0117	0.0016
rs1899951	0.02566	0.0102	0.017	0.0024
rs1902596	-0.02276	0.01362	-0.0134	0.002
rs1911746	-0.00798	0.003985	-0.0117	0.0019
rs1920586	0.009804	0.003667	0.0086	0.0017
rs1927790	0.01005	0.003605	0.0148	0.0016
rs1928295	-0.01527	0.00357	-0.0141	0.0016
rs1933437	-0.0153	0.004146	-0.0154	0.0018
rs1941697	0.01349	0.004173	0.0123	0.0017
rs1942361	0.01533	0.004729	0.0102	0.0019
rs1951455	0.00382	0.00656	0.0145	0.0019
rs1955854	0.01961	0.004453	0.0215	0.0018
rs1966	-0.008427	0.003708	-0.0106	0.002
rs1973993	0.008934	0.004956	0.0208	0.0017
rs1983866	-0.006679	0.003543	-0.0162	0.0018
rs1990573	0.004563	0.003583	0.013	0.0018
rs1990856	-0.008636	0.004853	-0.0123	0.0023
rs200440	-0.00428	0.003615	-0.0112	0.0017
rs2010997	-0.005038	0.003817	-0.0148	0.0017
rs2012502	0.01261	0.004553	0.0113	0.0017
rs2012927	-0.01605	0.00366	-0.0129	0.0017
rs2016469	0.004024	0.007408	0.0125	0.0018
rs2035831	-0.009026	0.003705	-0.0108	0.0018
rs2044469	0.004321	0.004005	0.0144	0.0018
rs2048206	0.01807	0.003768	0.0102	0.0021
rs205262	0.008375	0.006937	0.0254	0.0018
rs2058527	0.002604	0.003775	0.0127	0.0019
rs2065221	0.004402	0.004754	0.0108	0.0017
rs2065418	-0.01215	0.003731	-0.0166	0.0018
rs2072518	0.0004089	0.00366	-0.0104	0.0016
rs2074613	0.002726	0.003548	0.0111	0.0017
rs2074625	-0.002681	0.003626	-0.0111	0.0018
rs2074686	-0.01037	0.003779	-0.011	0.0018
rs208015	-0.02218	0.004736	-0.0356	0.0034
rs2080454	-0.01307	0.00356	-0.0129	0.0017
rs2083323	0.002257	0.00681	0.0164	0.0023
rs2090409	0.008866	0.003687	0.009	0.0018
rs2113440	-0.02079	0.003828	-0.0129	0.0017
rs2124499	-0.006644	0.004261	-0.0123	0.0017
rs2136784	0.009062	0.004493	0.0096	0.0018
rs2143253	-0.01783	0.004525	-0.0188	0.0026
rs2150527	-0.008329	0.003803	-0.0147	0.0021
rs2154297	0.004186	0.004603	0.0115	0.0019
rs2155645	-0.007154	0.003718	-0.0116	0.0019
rs2156258	0.006918	0.003542	0.0095	0.0017
rs215632	-0.01135	0.003765	-0.0152	0.0018
rs2160077	0.008339	0.003644	0.0093	0.0016
rs2162524	0.007807	0.004254	0.0155	0.0018
rs2163188	0.01494	0.003806	0.0131	0.0017
rs2174307	0.01166	0.003544	0.0121	0.0017
rs2174367	-0.01208	0.005315	-0.0121	0.0019
rs2174880	0.005421	0.003616	0.0091	0.0017
rs217671	0.001137	0.003624	0.0144	0.0019
rs2179904	0.008046	0.003872	0.0122	0.002
rs2185027	0.0187	0.003585	0.0135	0.0018
rs2187449	0.007887	0.007084	0.016	0.0021
rs2206277	0.02851	0.00381	0.0408	0.0021
rs2206734	-0.04088	0.003686	-0.0136	0.0021
rs2210612	0.01287	0.003544	0.0132	0.0021
rs2228213	-0.01715	0.003975	-0.0139	0.0017
rs2228273	0.02267	0.004871	0.0131	0.0033
rs2230590	0.01508	0.004824	0.0239	0.0017
rs2237403	-0.00885	0.003611	-0.0121	0.0018
rs2237895	-0.03801	0.003695	-0.0066	0.0018
rs2238373	-0.002972	0.004467	-0.0112	0.0019
rs2239647	-0.01757	0.004212	-0.0166	0.0018
rs2240919	0.02117	0.003585	0.0137	0.0018
rs2241209	0.01272	0.01028	0.0186	0.0033
rs2241423	-0.01532	0.003668	-0.0291	0.0019
rs2242449	0.007543	0.003682	0.0096	0.0018
rs2248084	0.001832	0.006044	0.0112	0.0019
rs2248551	0.007843	0.003822	0.0164	0.0023
rs2249498	0.004207	0.003555	0.0107	0.0017
rs226000	0.00667	0.005148	0.0119	0.0022
rs2270204	0.0164	0.003607	0.0141	0.0019
rs2277158	0.003338	0.003551	0.013	0.0018
rs2277844	-0.008876	0.003933	-0.0093	0.0017
rs2283093	0.00807	0.004457	0.0127	0.0021
rs2287347	-0.02511	0.004212	-0.0154	0.0029
rs2295124	0.01051	0.003563	0.0093	0.002
rs2295659	0.0004364	0.008271	0.0154	0.0026
rs2298330	-0.01421	0.007218	-0.0136	0.0026
rs230003	-0.00779	0.003748	-0.0087	0.0017
rs2304130	-0.01225	0.005752	-0.0176	0.003
rs2305564	0.004616	0.003572	0.0093	0.0017
rs2307111	-0.02436	0.003565	-0.0265	0.0016
rs234750	0.0126	0.003964	0.0164	0.0031
rs2350794	0.01051	0.003837	0.0119	0.0021
rs2356376	0.009141	0.004373	0.0135	0.0018
rs2357760	0.01189	0.003831	0.0145	0.0017
rs2362777	0.01977	0.004709	0.0102	0.0018
rs2365389	-0.02245	0.005994	-0.0174	0.0017
rs2413879	-0.01673	0.003598	-0.0121	0.0018
rs2425836	0.009881	0.004227	0.0113	0.0017
rs2428161	0.01123	0.003571	0.0079	0.0017
rs2429150	0.01649	0.004775	0.0111	0.0018
rs243387	0.004079	0.00376	0.0101	0.0017
rs2444253	-0.007937	0.003698	-0.0138	0.0019
rs244760	-0.01094	0.00576	-0.0159	0.0021
rs2455799	-0.01119	0.004049	-0.0087	0.0017
rs2471827	0.009712	0.004224	0.0176	0.0034
rs247420	-0.005353	0.0038	-0.0129	0.0018
rs2477017	0.004016	0.003579	0.0104	0.0018
rs2478879	0.01578	0.003824	0.0159	0.0018
rs2479958	-0.00287	0.00564	-0.0154	0.0018
rs248139	0.005879	0.004122	0.0133	0.0022
rs2481665	-0.006701	0.01287	-0.0161	0.0016
rs2483727	0.01577	0.005574	0.0131	0.0023
rs2489676	0.002217	0.003712	0.01	0.0017
rs2506908	0.01316	0.005402	0.0088	0.0017
rs254424	0.01605	0.003685	0.008	0.0017
rs2570497	0.008773	0.003806	0.0107	0.0018
rs2579106	-0.009139	0.00395	-0.0136	0.002
rs2579998	0.002871	0.006331	0.0211	0.0028
rs2581897	0.005428	0.003564	0.0106	0.0018
rs2597093	-0.001974	0.003552	0.0153	0.0019
rs2605593	-0.007173	0.003922	-0.0108	0.0017
rs2611742	0.0355	0.003643	0.0152	0.0017
rs2619976	0.004128	0.004333	0.0104	0.0018
rs262956	-0.02088	0.01823	-0.0125	0.0018
rs2630397	0.0008937	0.003846	-0.0219	0.002
rs2634047	-0.006518	0.005695	-0.0149	0.002
rs2644786	0.007574	0.003652	0.0125	0.0022
rs26545	0.01057	0.003603	0.0108	0.0019
rs267218	0.001552	0.003809	0.0092	0.0016
rs2684787	-0.0193	0.01079	-0.0119	0.002
rs2685230	0.01255	0.003716	0.0176	0.0017
rs2712643	-0.006355	0.005173	-0.0115	0.0019
rs271880	0.006136	0.006219	0.0164	0.0022
rs2733287	0.01072	0.003613	0.0157	0.0017
rs273504	0.01163	0.004012	0.0153	0.0018
rs2737252	-0.01548	0.004007	-0.017	0.0018
rs27524	-0.0004846	0.003933	0.0118	0.0018
rs2820311	0.02088	0.005941	0.0235	0.0018
rs2826496	-0.01022	0.004825	-0.0103	0.002
rs2832203	0.01454	0.005208	0.0119	0.0021
rs2836950	0.005659	0.004379	0.0108	0.0018
rs2838006	-0.0004195	0.005121	0.0126	0.0018
rs2842385	0.01175	0.004215	0.012	0.0022
rs2852400	-0.01296	0.004047	-0.0116	0.0023
rs285685	0.008161	0.007481	0.0141	0.0022
rs2861683	-0.01035	0.003674	-0.0144	0.0017
rs2867137	-0.003588	0.0178	0.0165	0.0025
rs286779	-0.01002	0.003652	-0.0248	0.0022
rs2875762	0.0004282	0.004287	0.0139	0.002
rs288194	-0.001022	0.003544	-0.0115	0.0018
rs2899663	0.004161	0.003726	0.0092	0.0016
rs2918217	0.008516	0.004182	0.0129	0.0025
rs2920280	-0.01949	0.003905	-0.0088	0.0019
rs2957454	0.008647	0.004055	0.0096	0.0017
rs2960420	-0.008782	0.003612	-0.01	0.0017
rs2966858	-0.01159	0.005542	-0.0112	0.0022
rs2973565	-0.005114	0.007964	-0.0111	0.0019
rs305256	0.007025	0.003859	0.011	0.0021
rs308605	-0.005341	0.003657	-0.0109	0.002
rs3087657	0.01006	0.003697	0.009	0.0019
rs3101336	0.02493	0.006778	0.0264	0.0017
rs310618	0.004887	0.004763	0.0108	0.0018
rs312750	0.007331	0.003761	0.0087	0.0016
rs3134358	0.003455	0.003821	0.0125	0.0018
rs323781	0.01973	0.01361	0.038	0.0054
rs326896	-0.003768	0.003724	-0.0128	0.0018
rs329124	-0.019	0.003699	-0.0131	0.0017
rs329277	0.004122	0.003628	0.0099	0.0017
rs33817	0.008889	0.003648	0.0095	0.0017
rs33824	0.009086	0.003646	0.0093	0.0018
rs340025	0.004092	0.004665	0.0124	0.0017
rs354508	0.003046	0.00439	0.0145	0.0024
rs355777	0.00944	0.003555	0.0153	0.0017
rs355909	0.007964	0.003583	0.0113	0.0016
rs36180	-0.01295	0.003547	-0.0089	0.0017
rs3731629	-0.005657	0.003899	-0.0203	0.0018
rs3735478	-0.01369	0.005434	-0.0126	0.0019
rs3736485	0.002329	0.004076	-0.0134	0.0016
rs3745615	0.01085	0.003861	0.0219	0.0021
rs3756668	-0.01275	0.003629	-0.0091	0.0017
rs3764835	-0.007234	0.004964	-0.0141	0.0024
rs3770176	-0.01241	0.00463	-0.0104	0.002
rs3772580	0.01022	0.003682	0.0098	0.0018
rs3786791	0.00226	0.003704	-0.0132	0.002
rs3800229	0.02002	0.00427	0.0175	0.0018
rs3802885	-0.01345	0.004774	-0.0173	0.0033
rs3803286	-0.01057	0.003581	-0.0181	0.0018
rs3813921	0.009907	0.00395	0.0134	0.0023
rs3823674	-0.006068	0.003683	-0.0127	0.0017
rs3844598	0.006481	0.003657	0.0095	0.0017
rs3849570	0.004239	0.003634	0.0132	0.0017
rs3852012	-0.004651	0.005543	-0.0131	0.0018
rs385488	-0.01109	0.003668	-0.0088	0.0018
rs385827	0.00627	0.003648	0.0105	0.0017
rs389512	-0.02022	0.004428	-0.0199	0.0025
rs3914188	-0.003283	0.003685	-0.0123	0.0019
rs3914628	-0.006638	0.005391	-0.0154	0.0023
rs3915844	0.009539	0.006167	0.0152	0.0025
rs3923323	-0.009731	0.004425	-0.015	0.0023
rs3923783	-0.00777	0.005682	-0.0234	0.0023
rs39328	0.01059	0.003668	0.0168	0.0017
rs396354	-0.008785	0.006617	-0.0158	0.0019
rs397092	0.01119	0.003558	0.0168	0.0017
rs400432	0.009092	0.003664	0.0095	0.0019
rs4031530	0.01186	0.003911	0.0151	0.0023
rs4076427	-0.01495	0.004071	-0.0132	0.0018
rs4077093	-0.01329	0.006725	-0.0128	0.0022
rs4097319	-0.001661	0.003678	-0.0107	0.0017
rs4129776	-0.01209	0.00394	-0.0086	0.0017
rs4147158	0.002421	0.003893	0.0155	0.0018
rs4148155	-0.01193	0.003887	-0.0188	0.0026
rs419423	0.01346	0.003596	0.0083	0.0017
rs4244034	-0.002963	0.003655	-0.0098	0.0017
rs425102	-0.002043	0.006002	-0.0113	0.002
rs4275	0.01361	0.003694	0.0086	0.0018
rs4284600	0.0127	0.008853	0.0118	0.0017
rs429343	-0.009205	0.004649	-0.015	0.0017
rs4313850	-0.01296	0.004082	-0.0103	0.0023
rs4352559	-0.01391	0.003628	-0.0102	0.0017
rs4366093	0.02249	0.01296	0.0121	0.0018
rs4371620	-0.006705	0.00493	-0.0217	0.0022
rs4372836	-0.007036	0.003814	-0.0142	0.0018
rs439022	-0.01047	0.003623	-0.0101	0.0018
rs4392592	-0.003936	0.009863	-0.0114	0.0019
rs441638	0.01036	0.003624	0.0091	0.0018
rs4430672	-0.003759	0.003548	-0.0127	0.0022
rs4523610	0.005514	0.003611	0.0123	0.002
rs455527	-0.01202	0.003912	-0.0199	0.0035
rs4555399	0.01339	0.004376	0.0088	0.0018
rs4563088	0.0002108	0.006855	0.0109	0.0019
rs4601141	0.01359	0.006502	0.0115	0.0021
rs4601821	-0.009131	0.003638	-0.0098	0.0018
rs4616635	0.004878	0.00442	0.0104	0.0018
rs4643373	-0.02217	0.01077	-0.0187	0.0019
rs4653017	0.009071	0.004572	0.0122	0.0018
rs4671328	-0.01988	0.003633	-0.0219	0.0017
rs4671358	0.00387	0.003577	0.0101	0.0017
rs4673238	-0.002359	0.003954	-0.0108	0.0016
rs4673586	-0.001859	0.004836	-0.0132	0.0019
rs4680760	-0.008438	0.004984	-0.0104	0.002
rs4683096	-0.006874	0.003835	-0.0116	0.0017
rs4687736	0.001983	0.004818	-0.0135	0.002
rs4698497	0.01168	0.003862	0.0095	0.0017
rs4713766	0.03844	0.005803	0.0351	0.0057
rs4722398	0.006118	0.007393	0.0158	0.0025
rs4725984	0.0249	0.01454	0.0128	0.0017
rs472611	0.009176	0.003978	0.0101	0.0018
rs4737675	0.0137	0.00368	0.0094	0.0021
rs4738265	-0.008701	0.003876	-0.0196	0.0019
rs4740619	-0.01172	0.004215	-0.0186	0.0016
rs4745794	0.00747	0.003578	0.0114	0.0017
rs4752018	0.004184	0.003987	0.015	0.0021
rs4759073	-0.002819	0.003607	-0.0116	0.0017
rs4759228	-0.0001792	0.01231	-0.0157	0.0019
rs4764949	-0.008208	0.003748	-0.0184	0.0018
rs4773396	0.008711	0.003793	0.0126	0.0017
rs477895	0.006172	0.004406	0.0177	0.0023
rs4783241	-0.01155	0.003874	-0.0108	0.0017
rs4795608	0.01599	0.003638	0.0091	0.0019
rs4802778	0.01004	0.003569	0.0116	0.0018
rs4820408	-0.02525	0.003546	-0.0151	0.0017
rs4834272	0.01447	0.003581	0.0115	0.0017
rs483752	0.01112	0.003737	0.0121	0.0022
rs4841134	-0.004091	0.003866	-0.0104	0.0016
rs4841329	-0.01235	0.006824	-0.0176	0.0017
rs485446	-0.008818	0.007781	-0.022	0.0034
rs4856600	0.00331	0.004839	-0.0177	0.0017
rs4857329	-0.01443	0.003884	-0.0202	0.0017
rs4877217	0.006815	0.003689	0.0107	0.0019
rs4879744	-0.00302	0.004705	-0.0102	0.0018
rs488029	0.01459	0.004278	0.0145	0.0017
rs4881523	-0.02232	0.005122	-0.0081	0.0018
rs4902865	0.0114	0.00641	0.0132	0.0023
rs4939579	-0.01616	0.003936	-0.0096	0.0019
rs4950016	0.0101	0.004315	0.0132	0.0016
rs4973618	0.008753	0.003548	0.0156	0.0018
rs4974508	-0.01197	0.009345	0.0167	0.0022
rs4985155	-0.01585	0.004068	-0.012	0.0017
rs4986044	-0.01337	0.003751	-0.0164	0.0016
rs505289	-0.01608	0.005212	-0.0105	0.0018
rs514123	-0.001702	0.003706	-0.0125	0.0018
rs532154	-0.01071	0.005476	-0.0139	0.0017
rs535533	0.003635	0.003828	0.0104	0.0018
rs5396	0.01208	0.004477	0.0154	0.0018
rs543874	0.04725	0.004263	0.0475	0.002
rs556624	-0.008641	0.004301	-0.0131	0.0025
rs559267	0.01815	0.003562	0.0115	0.0017
rs573455	0.008984	0.003601	0.0093	0.0016
rs587230	-0.00597	0.007658	-0.0149	0.0023
rs592483	-0.003971	0.004586	-0.0147	0.0017
rs6011457	2.793e-06	0.004067	-0.0116	0.0017
rs6014523	-0.02001	0.005401	-0.0149	0.0022
rs6019483	-0.00446	0.00577	-0.0178	0.0023
rs6023649	-0.003282	0.007585	-0.013	0.002
rs6030346	-0.003326	0.009226	-0.0157	0.0028
rs6031855	0.007633	0.005287	0.0107	0.0019
rs6042072	-0.01138	0.003886	-0.0092	0.0019
rs6058115	0.01078	0.004517	0.0125	0.0022
rs6090041	0.01695	0.007051	0.0124	0.0018
rs6091540	-0.01795	0.003712	-0.0194	0.0018
rs6141070	-0.009368	0.003671	-0.0084	0.0017
rs6142096	0.01026	0.003666	0.0137	0.0017
rs620985	0.009735	0.003628	0.0088	0.0016
rs626917	0.01194	0.00355	0.0082	0.0018
rs641990	0.01586	0.003797	0.0108	0.0016
rs6425446	0.008754	0.003825	-0.013	0.0016
rs6428601	0.01388	0.00387	0.0089	0.0018
rs6435277	-0.006945	0.003699	-0.0106	0.0017
rs6442101	0.008082	0.004143	-0.0117	0.0017
rs6443812	-0.009091	0.003586	-0.0103	0.0018
rs6453656	-0.0106	0.003979	-0.0109	0.0021
rs6461115	-0.001405	0.005619	-0.0144	0.0019
rs6463489	-0.003007	0.009067	-0.0157	0.0026
rs6476613	-0.01095	0.004062	-0.0138	0.0018
rs6499653	-0.01029	0.003635	-0.0259	0.0019
rs6534743	0.009123	0.00384	0.0125	0.0019
rs6545714	-0.009109	0.003852	-0.0191	0.0017
rs6548221	-0.01255	0.004502	-0.0151	0.002
rs6556301	-0.0066	0.003586	-0.0111	0.0018
rs6564360	0.005503	0.003755	0.0135	0.0022
rs6567160	0.051	0.004293	0.055	0.0019
rs6569648	-0.0252	0.009589	-0.0126	0.0019
rs6580699	0.007951	0.003714	0.0095	0.0017
rs6581430	0.01365	0.006072	0.0127	0.0024
rs6583604	0.003021	0.003835	0.0111	0.0017
rs6587552	-0.007347	0.006074	-0.0173	0.002
rs6589497	0.009201	0.005719	0.0152	0.0027
rs6598541	-0.008895	0.003602	-0.0098	0.0017
rs6599417	-0.01314	0.00377	-0.0117	0.0026
rs6607337	0.003772	0.004108	0.0123	0.0019
rs6661316	0.01277	0.003605	0.0106	0.0016
rs6690398	0.008506	0.003565	0.0121	0.0017
rs6695572	0.005488	0.004913	0.0242	0.0022
rs670104	0.0009298	0.003695	-0.0134	0.0018
rs6707036	-0.001025	0.00409	-0.0125	0.0018
rs6708720	-0.0194	0.003978	-0.0075	0.0017
rs6710871	0.01073	0.005059	0.0179	0.0024
rs6711375	0.001673	0.004793	0.0113	0.0018
rs6713781	-0.007729	0.004727	-0.0123	0.0018
rs6724631	-0.005648	0.003609	-0.0127	0.0017
rs6735824	-0.01728	0.003723	-0.0191	0.0021
rs6738445	0.0006004	0.004471	0.0133	0.0018
rs6747864	0.01439	0.00439	0.0134	0.0022
rs6757412	-0.01307	0.01044	-0.0137	0.0021
rs675775	-0.008425	0.003595	-0.009	0.0017
rs6777784	0.007044	0.003607	0.0105	0.0018
rs6781254	0.005512	0.003824	0.0112	0.0018
rs6786125	-0.01076	0.003816	-0.012	0.0022
rs6795825	-0.01337	0.00372	-0.0086	0.0018
rs6801848	-0.03162	0.003871	-0.0069	0.0018
rs6804181	-0.01608	0.004175	-0.0153	0.0023
rs6809307	0.01339	0.00363	0.0124	0.002
rs6831020	-0.009799	0.007592	-0.0137	0.0019
rs6834210	0.01414	0.004015	0.0137	0.0021
rs6843738	-0.005747	0.003696	-0.0107	0.0017
rs6857	-0.01388	0.004808	-0.0244	0.0023
rs6864049	0.01472	0.003821	0.0125	0.0017
rs6874700	-7.196e-05	0.004228	0.011	0.0018
rs6882264	-0.01288	0.004371	-0.0123	0.0026
rs6898265	-0.01999	0.003548	-0.0127	0.0029
rs6912833	0.01037	0.004465	0.0094	0.0019
rs6915002	-0.01271	0.003994	-0.0094	0.0017
rs6919443	-0.009488	0.003539	-0.0096	0.0017
rs6934973	0.003487	0.003779	0.0118	0.0019
rs6963049	0.008702	0.003738	0.0093	0.0018
rs6968554	0.004425	0.003731	0.01	0.0017
rs6992853	0.00727	0.007884	0.0165	0.0026
rs699330	0.00916	0.003724	0.0088	0.0018
rs7004961	0.02224	0.009947	0.0144	0.0023
rs7006629	0.01398	0.003689	0.0109	0.0017
rs7018886	0.005384	0.003661	0.0093	0.0017
rs7031064	0.0003314	0.003598	-0.0108	0.0017
rs7040568	-0.004183	0.005593	-0.0145	0.0023
rs7043386	-0.008594	0.003823	-0.0096	0.0018
rs705163	0.01426	0.003749	0.0139	0.002
rs7083450	0.01687	0.005189	0.0159	0.0023
rs709400	-0.01037	0.005373	-0.015	0.0017
rs7098100	0.005706	0.01197	0.0185	0.0018
rs7102454	-0.005122	0.003762	0.0158	0.0018
rs7112296	0.001723	0.004187	-0.0104	0.0017
rs7119801	-0.01279	0.005087	-0.0125	0.0022
rs7123876	0.01481	0.004162	0.0119	0.0019
rs7124681	0.02228	0.003848	0.0263	0.0016
rs7128942	-0.01025	0.004926	-0.0113	0.0022
rs7129979	0.01577	0.004055	0.0093	0.0022
rs7132908	0.02044	0.003921	0.0303	0.0018
rs7133378	0.007596	0.004849	0.0125	0.0018
rs7141420	0.01139	0.003713	0.0212	0.0016
rs7147503	-0.008686	0.003544	-0.0119	0.0018
rs7147873	-0.01111	0.003581	-0.0146	0.0017
rs7164558	-0.004336	0.003635	-0.0102	0.0018
rs7170314	0.007939	0.003792	0.0155	0.0025
rs7182849	-0.01489	0.009608	-0.018	0.0033
rs7190997	-0.004389	0.004525	-0.0135	0.0017
rs7195386	-0.01633	0.003611	-0.0133	0.0017
rs7206608	0.001183	0.007851	0.0132	0.0019
rs7206790	0.08942	0.005228	0.0627	0.0017
rs7211567	-0.008882	0.003603	-0.0145	0.0021
rs7217226	0.02	0.004268	0.013	0.0017
rs7218899	-0.01113	0.003657	-0.0081	0.0017
rs7235563	-0.01054	0.003899	-0.0098	0.0018
rs7239883	-0.007121	0.004203	-0.0126	0.0017
rs7243357	-0.01457	0.005213	-0.0194	0.0021
rs7245985	-0.01407	0.005421	-0.0123	0.0021
rs7254892	0.01894	0.008572	0.0281	0.0048
rs7255223	-0.01472	0.005598	-0.0105	0.002
rs7261729	0.02135	0.005941	0.0157	0.0037
rs7272093	0.00936	0.00451	0.0107	0.002
rs7309390	0.01551	0.004938	0.0197	0.0019
rs7323	-0.03545	0.01043	-0.0178	0.0019
rs7325687	0.01247	0.003862	0.0093	0.002
rs7334047	0.007831	0.003908	0.0119	0.0017
rs7334078	-0.006791	0.004796	-0.0121	0.0019
rs733594	0.01036	0.004313	0.0138	0.0018
rs7341885	0.01014	0.005055	0.0122	0.0023
rs740157	-0.01042	0.003668	-0.0116	0.0016
rs7431209	-0.01585	0.003734	-0.009	0.0019
rs7431895	-0.004804	0.003791	-0.0184	0.0017
rs7439869	-0.01296	0.004394	-0.0082	0.0017
rs7443175	-0.01345	0.005731	-0.0104	0.0021
rs7498665	0.03045	0.005043	0.0271	0.0017
rs750090	-0.01255	0.004329	-0.0098	0.0018
rs7526754	-0.002823	0.0037	-0.0103	0.0018
rs752993	0.008453	0.00357	0.0102	0.0017
rs7531656	-0.01286	0.003696	-0.0195	0.0017
rs7534091	0.01512	0.003549	0.0113	0.0019
rs7535528	-0.009063	0.003612	-0.0152	0.0018
rs7549780	-0.01125	0.003598	-0.0133	0.0018
rs755407	-0.008555	0.004587	-0.0116	0.0018
rs7561278	-0.01592	0.00361	-0.0159	0.0021
rs7566764	-0.007317	0.004338	-0.0153	0.0021
rs756717	-0.01692	0.003855	-0.0148	0.0017
rs7573687	-0.01908	0.004395	-0.0167	0.0022
rs757608	0.01055	0.003747	0.0092	0.0017
rs7578575	0.003028	0.004818	0.013	0.0019
rs7591825	-0.003186	0.004008	-0.0115	0.0017
rs7592387	0.01311	0.003587	0.0089	0.0017
rs7599178	-0.01391	0.003759	-0.0096	0.0018
rs7607369	-0.006782	0.004264	-0.0117	0.0016
rs7608611	0.01998	0.003604	0.009	0.0018
rs7611238	0.01102	0.005469	0.0113	0.0017
rs761423	-0.011	0.003897	-0.0113	0.0017
rs7630080	-0.02512	0.01184	-0.0168	0.0031
rs7650002	-0.01205	0.004002	-0.011	0.0019
rs765875	-0.0003684	0.003565	-0.0121	0.0017
rs7669124	0.01691	0.004595	0.0133	0.0018
rs7671046	0.006879	0.003659	0.0088	0.0017
rs7679767	-0.008952	0.003697	-0.0098	0.0017
rs7683836	-0.005482	0.004042	-0.0114	0.0017
rs7688932	0.01162	0.003956	0.0124	0.0019
rs769657	-0.01002	0.004013	-0.0135	0.0018
rs7701355	0.008346	0.003952	0.0124	0.0017
rs7711753	-0.01504	0.003566	-0.0134	0.0016
rs7715256	-0.01056	0.01124	-0.0166	0.0016
rs7727781	-0.007515	0.003956	-0.0097	0.0017
rs7730898	0.01061	0.006852	0.0168	0.0018
rs774211	-0.0002312	0.005437	-0.0139	0.0022
rs7742595	0.01241	0.003604	0.0111	0.0017
rs7745374	-0.009349	0.003593	-0.0093	0.0018
rs7748644	0.005684	0.003705	0.0111	0.0017
rs7748777	0.003376	0.00371	0.0105	0.0016
rs7757302	-0.005946	0.003711	-0.0139	0.002
rs7760482	0.009506	0.003548	0.0094	0.0018
rs7762500	0.01176	0.003582	0.0118	0.0017
rs7765636	-0.008353	0.003745	-0.0086	0.0017
rs7796608	-0.01358	0.004374	-0.0124	0.0025
rs7802342	0.01031	0.004294	0.0121	0.0019
rs7802986	-0.009819	0.003553	-0.0087	0.0017
rs7805441	0.003854	0.003548	0.0109	0.0017
rs7816210	0.00883	0.003649	0.0107	0.0018
rs7827419	-0.01356	0.004162	-0.0096	0.0018
rs782971	0.0107	0.00368	0.0146	0.0019
rs7850825	0.006708	0.004915	0.0112	0.002
rs785278	-0.01348	0.005031	-0.0159	0.0023
rs788230	0.01181	0.004014	0.0097	0.002
rs7903146	-0.05685	0.008601	-0.0181	0.0018
rs7917983	-0.001609	0.004065	-0.0127	0.0016
rs7919	0.009317	0.003718	0.0158	0.0017
rs7925748	0.004363	0.003548	0.0122	0.0018
rs7940105	0.009968	0.004486	0.0112	0.002
rs7941030	0.002188	0.003651	0.0112	0.0017
rs7948120	-0.001135	0.005168	-0.0132	0.0019
rs7973955	-0.01516	0.003855	-0.0126	0.0019
rs7975187	0.01265	0.003665	0.0128	0.0021
rs7992289	-0.009206	0.004798	-0.0132	0.0021
rs7995015	-0.005224	0.003861	-0.0128	0.0019
rs8007097	-0.003663	0.003552	-0.0101	0.0017
rs8033510	-0.008707	0.003636	-0.0106	0.0018
rs8049949	0.01491	0.003739	0.0164	0.0025
rs8059538	-0.005818	0.003683	-0.0109	0.0017
rs8070454	-0.006425	0.003541	-0.0098	0.0017
rs8085852	-0.008275	0.004683	-0.0102	0.0019
rs808966	-0.006344	0.004012	-0.012	0.0019
rs8092503	0.01803	0.003863	0.0165	0.0019
rs8102137	0.02168	0.006345	0.0193	0.0018
rs8123881	0.01229	0.005995	0.0196	0.0024
rs820082	0.003817	0.01352	-0.0175	0.002
rs823114	-0.01445	0.003542	-0.0077	0.0016
rs827092	-0.01039	0.003634	-0.0129	0.0017
rs852056	-0.01605	0.00423	-0.0128	0.002
rs868117	0.01809	0.003875	0.0111	0.0017
rs869593	0.008688	0.003889	0.0116	0.002
rs871883	0.003016	0.003655	-0.0109	0.0017
rs874454	0.02342	0.005254	0.0081	0.0018
rs876121	0.01168	0.003543	0.0115	0.0016
rs877446	0.01032	0.003566	0.0089	0.0017
rs879620	0.02416	0.003773	0.0231	0.0018
rs884282	0.01026	0.003577	0.0093	0.0017
rs889398	-0.00588	0.005203	-0.0196	0.0016
rs896183	0.0007609	0.003621	0.0102	0.0017
rs896619	-0.02284	0.004236	-0.0089	0.0017
rs900144	0.009789	0.004873	0.0166	0.0017
rs901630	-0.00756	0.003715	-0.0146	0.0017
rs905938	0.004482	0.009415	0.0149	0.0019
rs910527	0.005539	0.004089	0.0117	0.0019
rs919223	-0.007113	0.004338	-0.0104	0.0019
rs927606	-0.008048	0.003548	-0.0085	0.0017
rs9277972	0.0009821	0.007509	0.0162	0.0022
rs9294260	0.002523	0.004498	0.0147	0.0016
rs930295	-0.0107	0.005399	-0.0211	0.0023
rs9312487	0.00471	0.008043	-0.0134	0.002
rs9312611	0.009223	0.003712	0.0091	0.0017
rs9318686	0.01106	0.003581	0.0105	0.0018
rs9333287	0.01954	0.005164	0.0093	0.002
rs9344003	-0.01173	0.006313	-0.0147	0.0027
rs935376	-0.003883	0.003655	-0.0111	0.0017
rs9354870	-0.02993	0.007797	-0.0124	0.0021
rs9362662	-0.00663	0.003679	-0.0112	0.0017
rs936297	0.008599	0.005374	0.0191	0.0031
rs9364687	-0.008189	0.003676	-0.0106	0.0017
rs9370410	-0.008436	0.004526	-0.0103	0.0019
rs9376609	0.007348	0.004345	0.0105	0.0018
rs9389857	0.01086	0.00406	0.0197	0.0039
rs9408882	-0.001758	0.003638	-0.0093	0.0016
rs9415106	-0.008504	0.00526	-0.0101	0.0019
rs9426003	-0.002053	0.004196	-0.0116	0.0019
rs944512	0.001656	0.004032	0.0103	0.0017
rs945211	0.01138	0.003963	0.013	0.0018
rs9463175	-0.01759	0.004673	-0.0108	0.0017
rs9514131	-0.006045	0.005958	-0.0154	0.0026
rs9527958	0.00234	0.004738	0.0102	0.0018
rs954018	-0.009097	0.00364	-0.013	0.0018
rs9540385	-0.01609	0.003727	-0.0096	0.0018
rs9540493	-0.01635	0.004872	-0.0139	0.0017
rs9544930	-0.005364	0.00614	-0.014	0.0025
rs9547153	0.009066	0.003598	0.0098	0.0017
rs9549260	-0.01323	0.003584	-0.0091	0.0021
rs9571687	-0.002982	0.003729	-0.0129	0.0018
rs9603697	0.006659	0.003551	0.0141	0.0018
rs9615905	0.005259	0.005364	0.011	0.0017
rs961748	0.002371	0.003584	0.01	0.0017
rs9639027	0.009194	0.004158	0.0115	0.0019
rs967605	-0.01101	0.003978	-0.0192	0.0023
rs969518	-0.01616	0.003921	-0.0083	0.0016
rs972133	0.005733	0.003556	0.0118	0.0018
rs972283	-0.000534	0.003992	-0.0096	0.0016
rs980329	0.01565	0.003721	0.0133	0.002
rs9814633	0.003396	0.004018	0.0122	0.0018
rs9816226	0.03957	0.01485	0.0323	0.0021
rs9819875	-0.01158	0.004925	-0.0207	0.0027
rs9827823	-0.0008759	0.007982	-0.0193	0.0024
rs9839992	0.007109	0.006009	0.015	0.0026
rs9862608	0.01122	0.003803	0.0127	0.0021
rs9865431	-0.019	0.005117	-0.0143	0.0024
rs9868528	0.003987	0.004265	0.0118	0.002
rs9910424	-0.003907	0.003588	-0.0088	0.0016
rs9917256	0.02027	0.004103	0.0096	0.0025
rs9921401	-0.005876	0.004222	-0.0272	0.0022
rs9927848	-0.01041	0.004149	-0.0122	0.002
rs9951893	0.0005542	0.003619	0.0115	0.0017
rs995538	-0.009074	0.003762	-0.0128	0.0022
rs9961247	-0.005874	0.01407	-0.0573	0.0053
rs998584	-0.006905	0.003779	-0.0131	0.0017
